1 0 0 0.886482 0 1 0 0.474315 0 0 1 0.029392
1 0 0 0.688420 0 1 0 1.016560 0 0 1 0.085695
1 0 0 0.932803 0 1 0 0.417900 0 0 1 -0.353936
1 0 0 0.952862 0 1 0 0.334213 0 0 1 -0.363799
1 0 0 0.862383 0 1 0 0.738910 0 0 1 -0.428900
1 0 0 0.619419 0 1 0 1.395238 0 0 1 -0.419487
1 0 0 -0.137227 0 1 0 2.903011 0 0 1 -0.431326
1 0 0 -0.416533 0 1 0 5.091338 0 0 1 -0.637962
1 0 0 -0.884071 0 1 0 8.616525 0 0 1 -0.731750
1 0 0 -1.515744 0 1 0 9.621939 0 0 1 -0.455394
1 0 0 -1.917372 0 1 0 14.025458 0 0 1 -0.316142
1 0 0 -1.809123 0 1 0 18.917741 0 0 1 -0.046769
1 0 0 -1.876969 0 1 0 24.013593 0 0 1 0.029230
1 0 0 -2.296579 0 1 0 28.631448 0 0 1 -0.154018
1 0 0 -2.455901 0 1 0 32.988144 0 0 1 -0.170917
1 0 0 -2.615556 0 1 0 37.189620 0 0 1 -0.167229
1 0 0 -2.969050 0 1 0 41.135216 0 0 1 -0.141691
1 0 0 -3.267726 0 1 0 45.222796 0 0 1 -0.122315
1 0 0 -3.448232 0 1 0 49.611622 0 0 1 -0.076319
1 0 0 -3.653475 0 1 0 54.674545 0 0 1 -0.105476
1 0 0 -3.902873 0 1 0 59.729004 0 0 1 -0.094949
1 0 0 -4.007040 0 1 0 64.122074 0 0 1 -0.048050
1 0 0 -4.199852 0 1 0 68.677013 0 0 1 -0.002528
1 0 0 -4.188044 0 1 0 72.977846 0 0 1 0.043377
1 0 0 -4.114357 0 1 0 77.993966 0 0 1 0.068308
1 0 0 -4.115758 0 1 0 82.898773 0 0 1 0.084842
1 0 0 -4.330887 0 1 0 88.118248 0 0 1 0.116122
1 0 0 -4.424483 0 1 0 93.618741 0 0 1 0.119568
1 0 0 -4.364236 0 1 0 98.837952 0 0 1 0.157654
