1 0 0 0.630590 0 1 0 -0.075299 0 0 1 -0.005269
1 0 0 0.630918 0 1 0 -0.077320 0 0 1 -0.008519
1 0 0 0.631191 0 1 0 -0.078993 0 0 1 -0.012180
1 0 0 0.631681 0 1 0 -0.079976 0 0 1 -0.016021
1 0 0 0.632677 0 1 0 -0.080467 0 0 1 -0.020105
1 0 0 0.633793 0 1 0 -0.080789 0 0 1 -0.024067
1 0 0 0.634892 0 1 0 -0.081017 0 0 1 -0.027634
1 0 0 0.635968 0 1 0 -0.081250 0 0 1 -0.030748
1 0 0 0.636905 0 1 0 -0.081417 0 0 1 -0.033561
1 0 0 0.637725 0 1 0 -0.081520 0 0 1 -0.036060
1 0 0 0.636352 0 1 0 -0.087603 0 0 1 -0.108839
1 0 0 0.608116 0 1 0 -0.096521 0 0 1 -0.196285
1 0 0 0.592594 0 1 0 -0.101593 0 0 1 -0.239888
1 0 0 0.587542 0 1 0 -0.103487 0 0 1 -0.253293
1 0 0 0.583137 0 1 0 -0.105072 0 0 1 -0.263826
1 0 0 0.579720 0 1 0 -0.106243 0 0 1 -0.272236
1 0 0 0.577175 0 1 0 -0.104419 0 0 1 -0.278622
1 0 0 0.546851 0 1 0 0.079950 0 0 1 -0.347664
1 0 0 0.468553 0 1 0 0.459542 0 0 1 -0.429312
1 0 0 0.287896 0 1 0 0.908645 0 0 1 -0.570186
1 0 0 0.208760 0 1 0 0.889475 0 0 1 -0.840190
1 0 0 0.163116 0 1 0 0.877512 0 0 1 -0.957845
1 0 0 0.103701 0 1 0 0.945763 0 0 1 -1.061189
1 0 0 -0.030895 0 1 0 1.254431 0 0 1 -1.153441
1 0 0 -0.587496 0 1 0 2.375974 0 0 1 -1.215543
1 0 0 -1.305632 0 1 0 4.339861 0 0 1 -1.249206
1 0 0 -2.246993 0 1 0 6.599653 0 0 1 -1.175707
1 0 0 -2.742643 0 1 0 10.024528 0 0 1 -1.121035
1 0 0 -3.141481 0 1 0 14.188701 0 0 1 -1.102909
