1584175639 -0.06140 4.29730 -0.00746 -0.00998 0.03776 0.02779 0.99885
1584175639 -0.06998 4.55073 -0.00439 -0.00972 0.04395 0.02821 0.99859
1584175639 -0.08168 4.81489 -0.00316 -0.00971 0.04933 0.02870 0.99832
1584175640 -0.10432 5.34748 0.00162 -0.00952 0.05617 0.02933 0.99794
1584175640 -0.11298 5.62478 0.00157 -0.00845 0.05939 0.02942 0.99777
1584175640 -0.14824 6.46531 0.00566 -0.00777 0.06273 0.02995 0.99755
1584175640 -0.17738 7.03244 0.00838 -0.00698 0.06186 0.03011 0.99761
1584175640 -0.20103 7.66750 0.00825 -0.00871 0.06244 0.03031 0.99755
1584175641 -0.23772 8.31550 0.01346 -0.00811 0.06168 0.03068 0.99759
1584175641 -0.27535 8.99220 0.01969 -0.00918 0.06161 0.03115 0.99757
1584175641 -0.30650 9.68749 0.02157 -0.00888 0.06496 0.03118 0.99736
1584175641 -0.35256 10.38688 0.03606 -0.00915 0.06472 0.03090 0.99738
1584175641 -0.38449 11.10701 0.03348 -0.01016 0.06530 0.03078 0.99734
1584175642 -0.43872 12.18821 0.03741 -0.00920 0.06515 0.02973 0.99739
1584175642 -0.49877 13.26366 0.03896 -0.00844 0.06305 0.02863 0.99756
1584175642 -0.52927 13.97510 0.04309 -0.01030 0.06517 0.02764 0.99744
1584175642 -0.59214 15.03656 0.04502 -0.01119 0.06070 0.02593 0.99776
1584175643 -0.62985 15.70727 0.05716 -0.01046 0.06161 0.02399 0.99776
1584175643 -0.65756 16.38965 0.06346 -0.01198 0.06410 0.02140 0.99764
1584175643 -0.68875 17.06499 0.06006 -0.01316 0.06128 0.01881 0.99786
1584175643 -0.70739 17.78375 0.04885 -0.01305 0.06174 0.01659 0.99787
1584175643 -0.71320 18.42908 0.05351 -0.01014 0.06380 0.01417 0.99781
1584175644 -0.73026 19.13743 0.04843 -0.01124 0.06181 0.01236 0.99795
1584175644 -0.72800 19.85039 0.04601 -0.01211 0.06509 0.01121 0.99774
1584175644 -0.72709 20.53576 0.04434 -0.01160 0.06587 0.00874 0.99772
1584175644 -0.74491 21.21760 0.04336 -0.01247 0.06199 0.00719 0.99797
1584175644 -0.74539 21.56287 0.04458 -0.01336 0.06189 0.00651 0.99797
1584175645 -0.72610 22.26804 0.04053 -0.01429 0.06727 0.00473 0.99762
1584175645 -0.74012 22.97883 0.03815 -0.01546 0.06280 0.00245 0.99790
1584175645 -0.73794 23.69975 0.03375 -0.01439 0.06287 0.00107 0.99792
1584175645 -0.71704 24.43218 0.02503 -0.01566 0.06572 -0.00105 0.99771
1584175645 -0.72051 25.17544 0.01565 -0.01677 0.06347 -0.00301 0.99784
1584175645 -0.71107 25.56342 0.01821 -0.01766 0.06335 -0.00394 0.99783
1584175646 -0.69623 26.31808 -0.00030 -0.01693 0.06394 -0.00583 0.99779
1584175646 -0.67942 27.09928 -0.01093 -0.01644 0.06379 -0.00722 0.99780
1584175646 -0.66105 27.89852 -0.01692 -0.01674 0.06414 -0.00746 0.99777
1584175646 -0.64322 28.71720 -0.02232 -0.01612 0.06452 -0.00602 0.99777
1584175646 -0.63005 29.54105 -0.02879 -0.01526 0.06438 -0.00319 0.99780
1584175647 -0.61404 30.39842 -0.03676 -0.01400 0.06653 0.00096 0.99769
1584175647 -0.62153 31.27121 -0.03612 -0.01427 0.06669 0.00664 0.99765
1584175647 -0.64505 32.16033 -0.03707 -0.01511 0.06554 0.01275 0.99765
1584175647 -0.67996 33.04946 -0.04165 -0.01497 0.06579 0.01906 0.99754
1584175647 -0.71636 33.96106 -0.03840 -0.01408 0.06661 0.02463 0.99738
1584175648 -0.76715 34.87268 -0.04306 -0.01261 0.06453 0.02884 0.99742
1584175648 -0.81308 35.78684 -0.03746 -0.01276 0.06458 0.03208 0.99732
1584175648 -0.86330 36.70381 -0.03540 -0.01111 0.06411 0.03349 0.99732
1584175648 -0.90983 37.61657 -0.03117 -0.00930 0.06331 0.03399 0.99737
1584175648 -0.93232 38.09392 -0.02764 -0.00999 0.06219 0.03370 0.99745
1584175648 -0.95534 38.56386 -0.02325 -0.01124 0.06200 0.03355 0.99745
1584175649 -1.00001 39.50263 -0.01463 -0.01262 0.06283 0.03319 0.99739
1584175649 -1.02932 39.96580 -0.01147 -0.01181 0.06150 0.03263 0.99750
1584175649 -1.09048 40.91888 -0.00573 -0.01075 0.05906 0.03264 0.99766
1584175649 -1.13080 41.86039 -0.00472 -0.01134 0.06058 0.03206 0.99758
1584175649 -1.20108 42.82867 0.01238 -0.01199 0.05524 0.03158 0.99790
1584175650 -1.23979 43.79243 0.01500 -0.01125 0.05798 0.03205 0.99774
1584175650 -1.29309 44.76642 0.01934 -0.01343 0.05587 0.03118 0.99786
1584175650 -1.35804 45.75458 0.03499 -0.01299 0.05240 0.03110 0.99806
1584175650 -1.38752 46.76873 0.02830 -0.01326 0.05710 0.03041 0.99782
1584175650 -1.45873 47.76648 0.03353 -0.01503 0.05043 0.02920 0.99819
1584175650 -1.48738 48.28899 0.03510 -0.01538 0.05018 0.02889 0.99820
1584175651 -1.51700 49.29693 0.02825 -0.01328 0.05395 0.02755 0.99807
1584175651 -1.56892 50.32384 0.03026 -0.01253 0.05268 0.02566 0.99820
1584175651 -1.60550 51.34598 0.03415 -0.01386 0.05434 0.02452 0.99813
1584175651 -1.65360 52.88242 0.03723 -0.01135 0.05582 0.02289 0.99811
1584175652 -1.70022 53.90541 0.02727 -0.01294 0.05590 0.02269 0.99809
1584175652 -1.73316 54.94214 0.02779 -0.01406 0.05731 0.02188 0.99802
1584175652 -1.77609 55.97613 0.01950 -0.01425 0.05698 0.02088 0.99806
1584175652 -1.82544 57.00253 0.00410 -0.01888 0.05744 0.02071 0.99796
1584175652 -1.86472 58.06132 -0.00873 -0.01814 0.05821 0.02023 0.99793
1584175653 -1.89757 59.11962 -0.02482 -0.01805 0.05992 0.01957 0.99785
1584175653 -1.96980 60.64974 -0.04393 -0.01459 0.05674 0.01917 0.99810
1584175653 -1.99512 61.68366 -0.05813 -0.01363 0.05846 0.01918 0.99801
1584175653 -2.04265 62.72105 -0.07037 -0.01669 0.05720 0.01878 0.99805
1584175653 -2.08142 63.74817 -0.08448 -0.01673 0.05847 0.01893 0.99797
1584175654 -2.11608 64.75307 -0.10476 -0.01544 0.06045 0.01823 0.99789
1584175654 -2.15359 65.84135 -0.11611 -0.01724 0.06108 0.01812 0.99782
1584175654 -2.19036 66.91242 -0.14012 -0.01908 0.06234 0.01805 0.99771
1584175654 -2.21380 67.43553 -0.14970 -0.01843 0.06183 0.01778 0.99776
1584175654 -2.23363 67.97990 -0.16025 -0.01663 0.06108 0.01728 0.99784
1584175654 -2.25128 68.53751 -0.17239 -0.01507 0.06061 0.01654 0.99791
1584175655 -2.30437 70.24540 -0.18845 -0.01585 0.05748 0.01415 0.99812
1584175655 -2.32640 71.37464 -0.19723 -0.01582 0.05843 0.01168 0.99810
1584175655 -2.34587 72.53343 -0.21525 -0.01599 0.05887 0.00782 0.99811
1584175655 -2.34081 73.71337 -0.23239 -0.01771 0.06335 0.00374 0.99783
1584175655 -2.32973 74.91227 -0.25345 -0.01760 0.06709 -0.00056 0.99759
1584175656 -2.31852 75.53170 -0.26610 -0.01971 0.06920 -0.00251 0.99740
1584175656 -2.29828 76.14037 -0.27690 -0.02137 0.07235 -0.00474 0.99714
1584175656 -2.28631 77.32504 -0.30760 -0.02209 0.07124 -0.00889 0.99717
1584175656 -2.22882 78.58422 -0.34195 -0.01825 0.07583 -0.01309 0.99687
1584175656 -2.18378 79.78065 -0.36537 -0.02123 0.07663 -0.01790 0.99667
1584175656 -2.11738 81.04974 -0.38775 -0.01789 0.07885 -0.02197 0.99648
1584175657 -2.01689 82.26648 -0.40835 -0.01559 0.08636 -0.02512 0.99583
1584175657 -1.94980 83.50629 -0.41293 -0.01866 0.08274 -0.02728 0.99602
1584175657 -1.86246 84.69035 -0.43140 -0.02019 0.08570 -0.02780 0.99573
1584175657 -1.78016 85.94759 -0.44341 -0.02051 0.08441 -0.02920 0.99579
1584175657 -1.69065 87.19902 -0.45189 -0.01877 0.08334 -0.03044 0.99588
1584175658 -1.60008 88.39704 -0.45409 -0.01601 0.08399 -0.02936 0.99591
1584175658 -1.51533 89.66295 -0.44457 -0.01817 0.08212 -0.02724 0.99608
1584175658 -1.45213 90.91274 -0.43532 -0.01825 0.07942 -0.02442 0.99637
1584175658 -1.37267 92.19704 -0.42489 -0.01616 0.07999 -0.02069 0.99645
1584175658 -1.32980 93.47858 -0.40861 -0.01380 0.07528 -0.01663 0.99693
1584175659 -1.27327 94.76283 -0.38698 -0.01422 0.07634 -0.01188 0.99691
1584175659 -1.23479 96.07319 -0.35297 -0.01283 0.07082 -0.00806 0.99737
1584175659 -1.18931 97.93157 -0.31758 -0.01394 0.07342 -0.00167 0.99720
1584175659 -1.17774 99.21869 -0.27940 -0.01800 0.07006 0.00130 0.99738
1584175660 -1.15531 100.46821 -0.25573 -0.01272 0.07204 0.00311 0.99732
1584175660 -1.13679 101.68397 -0.22042 -0.01281 0.07224 0.00339 0.99730
1584175660 -1.12319 103.95534 -0.13302 -0.01481 0.07041 0.00257 0.99740
1584175660 -1.11657 105.49699 -0.05844 -0.01714 0.06470 0.00082 0.99776
1584175661 -1.07461 106.98382 0.02924 -0.01449 0.06566 -0.00269 0.99773
1584175661 -1.08330 108.24749 0.12757 -0.01057 0.05606 -0.00869 0.99833
1584175661 -1.09837 109.36380 0.23345 -0.00879 0.05210 -0.01722 0.99845
1584175662 -1.13283 110.28231 0.34946 -0.00813 0.04698 -0.02453 0.99856
1584175662 -1.16132 110.81184 0.42631 -0.00800 0.04215 -0.03269 0.99854
1584175662 -1.17192 111.28059 0.49979 -0.00889 0.03737 -0.04775 0.99812
1584175662 -1.16521 111.54011 0.52936 -0.00884 0.03634 -0.05727 0.99766
1584175662 -1.13608 111.76129 0.55298 -0.00900 0.03387 -0.06795 0.99707
1584175662 -1.02932 112.25022 0.59609 -0.00770 0.03511 -0.09467 0.99486
1584175663 -0.90210 112.75556 0.64137 -0.00597 0.03762 -0.12370 0.99159
1584175663 -0.84760 113.00749 0.67181 -0.00571 0.03469 -0.13935 0.98962
1584175663 -0.72975 113.47983 0.73137 -0.00511 0.03231 -0.17181 0.98459
1584175663 -0.58885 113.95611 0.78701 -0.00514 0.03283 -0.20746 0.97768
1584175663 -0.51351 114.19029 0.81566 -0.00632 0.03206 -0.22736 0.97326
1584175663 -0.32259 114.65861 0.86746 -0.00662 0.03348 -0.26920 0.96248
1584175664 -0.09311 115.11918 0.91837 -0.00732 0.03429 -0.31281 0.94917
1584175664 0.03971 115.34724 0.94714 -0.00799 0.03485 -0.33525 0.94145
1584175664 0.18210 115.55829 0.97744 -0.00783 0.03514 -0.35780 0.93311
1584175664 0.33235 115.77033 1.00796 -0.00682 0.03494 -0.38135 0.92375
1584175664 0.48997 115.97603 1.03596 -0.00508 0.03426 -0.40380 0.91419
1584175664 0.66625 116.17390 1.06337 -0.00364 0.03594 -0.42629 0.90386
1584175664 0.85671 116.36902 1.09225 -0.00280 0.03745 -0.44807 0.89321
1584175664 1.05225 116.55786 1.12200 -0.00236 0.03786 -0.46924 0.88225
1584175664 1.26670 116.72916 1.15553 -0.00187 0.03663 -0.48976 0.87108
1584175665 1.49359 116.88784 1.18766 -0.00217 0.03509 -0.50930 0.85987
1584175665 1.73916 117.01932 1.22160 -0.00089 0.03401 -0.52852 0.84824
1584175665 1.99993 117.13321 1.25474 0.00188 0.03516 -0.54647 0.83674
1584175665 2.28203 117.24118 1.28702 0.00548 0.03818 -0.56379 0.82502
1584175665 2.55595 117.33333 1.31869 0.00879 0.03859 -0.57969 0.81387
1584175665 2.85832 117.41863 1.36191 0.01049 0.03825 -0.59555 0.80234
1584175665 3.17500 117.49362 1.41171 0.00871 0.03829 -0.61087 0.79075
1584175665 3.51537 117.56869 1.45358 0.00516 0.03599 -0.62522 0.77960
1584175665 3.86920 117.62716 1.48923 0.00261 0.03486 -0.63831 0.76898
1584175665 4.24473 117.66557 1.52188 0.00211 0.03454 -0.64972 0.75939
1584175666 4.63707 117.67407 1.55121 0.00313 0.03621 -0.65929 0.75101
1584175666 5.05094 117.65775 1.57970 0.00404 0.03868 -0.66753 0.74356
1584175666 5.46573 117.62468 1.60307 0.00542 0.04079 -0.67493 0.73674
1584175666 6.29956 117.51469 1.66992 0.00785 0.04224 -0.68485 0.72741
1584175666 7.70645 117.43706 1.76114 0.00498 0.04175 -0.69042 0.72219
1584175667 9.25899 117.36036 1.81986 0.00641 0.04185 -0.69371 0.71901
1584175667 10.39393 117.26970 1.84320 0.00854 0.04811 -0.69477 0.71757
1584175667 11.60760 117.23661 1.86724 0.00158 0.04721 -0.69614 0.71635
1584175667 12.85155 117.19227 1.86013 0.00068 0.04907 -0.69623 0.71614
1584175667 14.82119 117.09968 1.85368 -0.00031 0.05127 -0.69651 0.71571
1584175668 16.87194 117.03804 1.82289 -0.00007 0.04815 -0.69602 0.71640
1584175668 18.98428 116.98613 1.79184 -0.00635 0.04776 -0.69518 0.71722
1584175668 21.18173 116.93827 1.75126 -0.00656 0.04877 -0.69409 0.71821
1584175669 23.40748 116.93597 1.69392 -0.00929 0.05401 -0.69194 0.71988
1584175669 25.73573 116.96383 1.62896 -0.00708 0.04916 -0.69021 0.72190
1584175669 27.35398 117.00204 1.58068 -0.01014 0.05253 -0.68942 0.72238
1584175669 29.73862 117.08593 1.51791 -0.01032 0.05109 -0.68875 0.72312
1584175670 32.25431 117.15367 1.45892 -0.00981 0.05270 -0.68947 0.72232
1584175670 34.93786 117.22644 1.39151 -0.00853 0.05080 -0.68956 0.72240
1584175670 36.78101 117.30356 1.34467 -0.01018 0.04687 -0.69005 0.72217
1584175670 37.65481 117.36857 1.31800 -0.01292 0.05035 -0.68976 0.72217
1584175670 38.62469 117.42228 1.28565 -0.01769 0.05473 -0.68979 0.72172
1584175671 40.60466 117.48681 1.22293 -0.01860 0.05302 -0.68963 0.72198
1584175671 42.65284 117.53849 1.14683 -0.01338 0.04825 -0.68983 0.72224
1584175671 43.66235 117.58511 1.12539 -0.01497 0.04981 -0.68977 0.72216
1584175671 45.75380 117.65369 1.07064 -0.01644 0.04908 -0.69004 0.72192
1584175671 47.89809 117.72378 1.01579 -0.01655 0.04937 -0.68994 0.72200
1584175672 50.06394 117.80104 0.96146 -0.01830 0.04895 -0.69008 0.72184
1584175672 53.45447 117.91133 0.86541 -0.01701 0.04912 -0.69009 0.72185
1584175672 55.77525 117.98471 0.79954 -0.01940 0.05169 -0.68993 0.72176
1584175672 59.31640 118.10894 0.69684 -0.01363 0.04988 -0.68962 0.72233
1584175672 60.51617 118.16032 0.66186 -0.01256 0.05088 -0.68950 0.72239
1584175673 62.98675 118.22225 0.58898 -0.01676 0.05874 -0.68958 0.72163
1584175673 69.37127 118.49179 0.38202 -0.01647 0.05597 -0.69030 0.72117
1584175673 72.01733 118.58910 0.28554 -0.01893 0.05704 -0.69014 0.72117
1584175674 77.43324 118.77101 0.08244 -0.01609 0.05727 -0.69021 0.72116
1584175674 81.62655 118.92242 -0.06191 -0.01622 0.05856 -0.68991 0.72134
1584175674 85.87455 119.07647 -0.20677 -0.01261 0.05715 -0.68969 0.72173
1584175675 88.76116 119.16343 -0.30416 -0.01368 0.05730 -0.68935 0.72203
1584175675 91.68212 119.27788 -0.40264 -0.01505 0.05961 -0.68862 0.72251
1584175675 93.08312 119.34565 -0.43829 -0.01593 0.06084 -0.68843 0.72257
1584175675 96.10169 119.44529 -0.56045 -0.01489 0.06308 -0.68807 0.72274
1584175675 99.09455 119.56434 -0.67156 -0.01224 0.06467 -0.68783 0.72288
1584175675 102.14765 119.68856 -0.78478 -0.01573 0.06709 -0.68758 0.72283
1584175676 105.21041 119.81646 -0.90583 -0.01404 0.06325 -0.68720 0.72357
1584175676 108.31542 119.95152 -1.01617 -0.01380 0.06213 -0.68718 0.72369
1584175676 111.45611 120.08106 -1.12259 -0.01519 0.06112 -0.68738 0.72356
1584175676 116.21071 120.27206 -1.28164 -0.01503 0.06019 -0.68796 0.72309
1584175677 121.05237 120.47670 -1.43495 -0.01667 0.06051 -0.68823 0.72277
1584175677 125.97671 120.66743 -1.60156 -0.01674 0.06170 -0.68944 0.72152
1584175677 129.25235 120.78282 -1.70999 -0.01287 0.05871 -0.69050 0.72083
1584175677 132.50817 120.88755 -1.80801 -0.01335 0.06330 -0.69134 0.71962
1584175678 135.80151 120.97594 -1.90066 -0.00836 0.06227 -0.69270 0.71848
1584175678 139.04975 121.08004 -1.98472 -0.00751 0.06355 -0.69350 0.71761
1584175678 142.30181 121.17311 -2.05947 -0.00782 0.06413 -0.69434 0.71674
1584175678 145.50720 121.25770 -2.13847 -0.00787 0.06715 -0.69502 0.71580
1584175678 148.75090 121.34449 -2.22098 -0.00761 0.06869 -0.69553 0.71517
1584175679 153.63578 121.47455 -2.34317 -0.00570 0.06659 -0.69624 0.71469
1584175679 156.95067 121.54879 -2.42381 -0.00646 0.06770 -0.69658 0.71425
1584175679 160.29495 121.62780 -2.50632 -0.00888 0.06746 -0.69644 0.71438
1584175679 163.63822 121.67976 -2.58867 -0.00645 0.06733 -0.69585 0.71499
1584175679 166.96530 121.72830 -2.66194 -0.00632 0.06856 -0.69510 0.71561
1584175680 170.28770 121.78610 -2.72915 -0.00735 0.06968 -0.69397 0.71659
1584175680 175.24919 121.86068 -2.82428 -0.00728 0.07075 -0.69291 0.71751
1584175680 180.17798 121.92607 -2.90899 -0.00692 0.07002 -0.69230 0.71817
1584175681 185.01999 121.96586 -2.97917 -0.00810 0.07242 -0.69177 0.71843
1584175681 192.99338 122.04525 -3.07753 -0.00980 0.07256 -0.69455 0.71571
1584175681 197.72893 122.01792 -3.11525 -0.01000 0.07360 -0.70372 0.70659
1584175682 200.77295 121.99766 -3.13743 -0.01105 0.07304 -0.71308 0.69718
1584175682 203.78967 121.89490 -3.15351 -0.01260 0.07261 -0.72628 0.68344
1584175682 205.25838 121.85378 -3.15139 -0.01437 0.07147 -0.73429 0.67491
1584175682 206.57877 121.78203 -3.13860 -0.01491 0.07304 -0.74192 0.66634
1584175682 207.93706 121.70177 -3.13606 -0.01418 0.07414 -0.74987 0.65727
1584175682 210.59675 121.50634 -3.13259 -0.01227 0.07258 -0.76764 0.63664
1584175682 211.95924 121.40251 -3.12237 -0.01386 0.07162 -0.77765 0.62446
1584175683 214.73361 121.10720 -3.11446 -0.01827 0.06916 -0.79938 0.59656
1584175683 216.07193 120.93354 -3.10655 -0.01803 0.07014 -0.81055 0.58118
1584175683 217.45203 120.73316 -3.10659 -0.01854 0.07073 -0.82194 0.56487
1584175683 218.70434 120.53789 -3.09346 -0.01983 0.07099 -0.83326 0.54795
1584175683 220.99714 120.05832 -3.06083 -0.01951 0.07420 -0.85469 0.51344
1584175683 222.16806 119.77571 -3.04588 0.01963 -0.07606 0.86540 -0.49488
1584175683 224.28418 119.20234 -2.98859 0.02629 -0.07399 0.88598 -0.45702
1584175683 225.15171 118.91516 -2.95036 0.03006 -0.07382 0.89543 -0.43801
1584175684 226.00613 118.59408 -2.91093 0.03255 -0.07302 0.90523 -0.41734
1584175684 226.65764 118.26790 -2.85903 0.03228 -0.07208 0.91435 -0.39714
1584175684 227.19619 117.92336 -2.79405 0.03129 -0.07083 0.92362 -0.37540
1584175684 227.71275 117.57598 -2.73210 0.03001 -0.06937 0.93191 -0.35473
1584175684 228.05931 117.23853 -2.65326 0.03076 -0.06603 0.93996 -0.33341
1584175684 228.42824 116.90875 -2.57685 0.03362 -0.06308 0.94727 -0.31237
1584175684 228.88647 116.55476 -2.50139 0.03641 -0.06167 0.95401 -0.29109
1584175684 229.38496 116.19496 -2.43263 0.03764 -0.05994 0.96040 -0.26948
1584175684 229.95045 115.81680 -2.36585 0.03691 -0.05870 0.96645 -0.24731
1584175684 230.59824 115.42007 -2.30780 0.03571 -0.05799 0.97194 -0.22515
1584175685 231.28736 115.01957 -2.25305 0.03520 -0.05752 0.97690 -0.20280
1584175685 231.99079 114.61011 -2.20196 0.03594 -0.05651 0.98124 -0.18079
1584175685 232.72132 114.18372 -2.15135 0.03680 -0.05539 0.98503 -0.15902
1584175685 233.43360 113.75105 -2.09669 0.03835 -0.05444 0.98826 -0.13753
1584175685 234.13424 113.31441 -2.03909 0.03955 -0.05387 0.99100 -0.11602
1584175685 234.82845 112.86317 -1.98118 0.04164 -0.05253 0.99322 -0.09498
1584175685 235.53193 112.42415 -1.92508 0.04260 -0.05059 0.99504 -0.07433
1584175685 236.22925 111.96070 -1.86571 0.04152 -0.04937 0.99641 -0.05490
1584175685 236.93937 111.49881 -1.80923 0.04028 -0.04787 0.99738 -0.03646
1584175686 238.36482 110.53897 -1.69500 0.03971 -0.04444 0.99822 -0.00254
1584175686 239.78152 109.50959 -1.58454 0.03885 -0.04157 0.99799 0.02779
1584175686 240.49202 108.95917 -1.52734 0.03779 -0.04072 0.99762 0.04095
1584175686 241.19214 108.40619 -1.47120 0.03671 -0.04019 0.99714 0.05250
1584175686 242.66845 107.24275 -1.36829 0.03597 -0.03785 0.99621 0.06954
1584175686 244.18861 105.97745 -1.27252 0.03637 -0.03833 0.99533 0.08084
1584175687 246.44626 103.94654 -1.13172 0.03127 -0.04118 0.99488 0.08688
1584175687 248.74312 101.74560 -1.00428 0.02715 -0.04181 0.99549 0.08071
1584175687 250.32236 100.16701 -0.93815 0.02666 -0.04218 0.99615 0.07205
1584175687 251.89341 98.50819 -0.87382 0.02080 -0.04060 0.99713 0.06046
1584175688 253.53274 96.75178 -0.81394 0.01447 -0.04329 0.99797 0.04452
1584175688 254.42758 95.83263 -0.79376 0.01470 -0.04549 0.99821 0.03584
1584175688 255.52698 94.86265 -0.79513 0.01479 -0.04738 0.99839 0.02729
1584175688 256.55875 93.84522 -0.79715 0.01429 -0.04866 0.99855 0.01829
1584175688 257.53760 92.81815 -0.78803 0.01181 -0.05123 0.99857 0.00997
1584175688 258.48661 91.81061 -0.77857 0.00893 -0.05354 0.99852 0.00200
1584175688 260.24595 89.74121 -0.75363 0.00326 -0.05537 0.99836 -0.01424
1584175688 261.15617 88.65757 -0.74349 0.00151 -0.05580 0.99819 -0.02227
1584175688 262.04263 87.57992 -0.73413 -0.00083 -0.05740 0.99789 -0.03022
1584175689 262.97556 86.41411 -0.73102 -0.00361 -0.05813 0.99759 -0.03759
1584175689 264.73047 84.15599 -0.71645 -0.00917 -0.06153 0.99678 -0.05051
1584175689 265.60973 82.96062 -0.70589 -0.01096 -0.06191 0.99643 -0.05638
1584175689 266.46989 81.80516 -0.69678 -0.01251 -0.06024 0.99621 -0.06150
1584175689 267.33807 80.60592 -0.68869 -0.01465 -0.05903 0.99598 -0.06572
1584175689 268.15610 79.40407 -0.68185 -0.01705 -0.05819 0.99580 -0.06855
1584175689 269.81775 76.93244 -0.66006 -0.02006 -0.06021 0.99535 -0.07242
1584175690 271.45599 74.37611 -0.63861 -0.02049 -0.06376 0.99500 -0.07414
1584175690 272.87335 71.77497 -0.60677 -0.02119 -0.06423 0.99490 -0.07479
1584175690 273.99913 69.01582 -0.57603 -0.02710 -0.06546 0.99463 -0.07543
1584175690 275.13202 66.40939 -0.52491 -0.02953 -0.06777 0.99446 -0.07471
1584175690 276.09011 63.66071 -0.47480 -0.03161 -0.06989 0.99444 -0.07212
1584175691 276.86557 60.85203 -0.42606 -0.03420 -0.06808 0.99493 -0.06568
1584175691 277.29388 59.53119 -0.39329 -0.03610 -0.06785 0.99514 -0.06150
1584175691 277.59645 58.16594 -0.36366 -0.03776 -0.06789 0.99535 -0.05696
1584175691 278.00420 56.83976 -0.33141 -0.03795 -0.06708 0.99562 -0.05287
1584175691 278.29680 55.47477 -0.29867 -0.03785 -0.06786 0.99578 -0.04880
1584175691 278.39698 54.11088 -0.24475 -0.03816 -0.06782 0.99597 -0.04463
1584175691 278.52013 52.80205 -0.19211 -0.03989 -0.06839 0.99604 -0.04056
1584175691 278.79645 51.40117 -0.15939 -0.04208 -0.06763 0.99618 -0.03573
1584175691 279.12146 49.96567 -0.13901 -0.04340 -0.06780 0.99627 -0.03108
1584175691 279.49790 48.45919 -0.11967 -0.04368 -0.06845 0.99635 -0.02625
1584175692 280.32282 45.45801 -0.09817 -0.04304 -0.06851 0.99657 -0.01727
1584175692 280.67873 43.93118 -0.08973 -0.04543 -0.06982 0.99644 -0.01304
1584175692 281.42502 40.77565 -0.07471 -0.04569 -0.07090 0.99643 -0.00481
1584175692 281.81702 39.19859 -0.07537 -0.04525 -0.07098 0.99645 -0.00125
1584175692 282.12152 37.55934 -0.07251 -0.04768 -0.07119 0.99632 0.00231
1584175692 282.48053 35.95358 -0.07799 -0.04918 -0.07146 0.99622 0.00548
1584175692 283.14164 32.68891 -0.07641 -0.04935 -0.07121 0.99619 0.01028
1584175693 283.78175 29.39997 -0.08261 -0.04983 -0.06950 0.99626 0.01277
1584175693 284.29009 26.02152 -0.09076 -0.05470 -0.07027 0.99592 0.01485
1584175693 284.74624 22.61254 -0.09596 -0.05846 -0.07179 0.99557 0.01620
1584175693 285.46267 17.40814 -0.12378 -0.05946 -0.07088 0.99557 0.01685
1584175694 286.15103 11.94091 -0.17024 -0.06103 -0.07108 0.99546 0.01706
1584175694 286.74851 6.31233 -0.23206 -0.06360 -0.07164 0.99526 0.01652
1584175694 287.13210 2.49880 -0.27541 -0.06201 -0.07296 0.99528 0.01592
1584175694 287.53332 -1.32342 -0.32611 -0.06007 -0.07345 0.99538 0.01476
1584175695 287.89325 -5.19390 -0.37889 -0.06150 -0.07692 0.99504 0.01427
1584175695 288.19646 -9.16589 -0.44878 -0.06268 -0.08091 0.99466 0.01355
1584175695 288.50260 -13.17807 -0.51928 -0.05686 -0.07710 0.99532 0.01290
1584175695 288.74929 -17.21675 -0.60361 -0.06221 -0.07357 0.99528 0.01169
1584175695 288.98133 -21.45348 -0.68359 -0.06128 -0.07998 0.99484 0.01183
1584175696 289.18420 -25.75154 -0.78764 -0.05946 -0.07926 0.99502 0.01078
1584175696 289.33066 -30.12858 -0.90081 -0.06341 -0.07885 0.99482 0.00994
1584175696 289.61424 -36.76147 -1.05877 -0.06302 -0.07927 0.99482 0.00822
1584175696 289.74242 -41.31593 -1.18271 -0.06481 -0.07987 0.99467 0.00675
1584175696 289.83363 -46.01534 -1.31614 -0.06514 -0.08183 0.99450 0.00540
1584175697 290.08249 -50.63462 -1.43139 -0.06331 -0.08281 0.99455 0.00384
1584175697 290.10906 -55.42120 -1.57720 -0.06541 -0.08554 0.99418 0.00314
1584175697 290.24731 -60.12674 -1.70111 -0.06354 -0.08635 0.99423 0.00277
1584175697 290.52081 -64.82358 -1.81547 -0.06320 -0.08520 0.99435 0.00219
1584175697 290.51096 -69.73062 -1.97411 -0.06487 -0.08855 0.99396 0.00178
1584175698 290.78991 -74.61173 -2.09385 -0.06405 -0.08882 0.99398 0.00209
1584175698 290.79598 -79.63949 -2.25969 -0.06411 -0.08849 0.99401 0.00186
1584175698 290.99207 -84.61872 -2.39465 -0.06221 -0.08793 0.99418 0.00158
1584175698 291.06245 -89.67319 -2.54527 -0.06297 -0.08757 0.99416 0.00201
1584175698 291.21297 -94.80051 -2.68682 -0.05880 -0.08793 0.99439 0.00246
1584175699 291.26546 -99.97125 -2.84203 -0.06091 -0.08831 0.99422 0.00276
1584175699 291.39154 -105.18718 -2.99006 -0.06132 -0.08864 0.99417 0.00373
1584175699 291.36376 -110.53432 -3.16898 -0.05975 -0.09096 0.99405 0.00400
1584175699 291.48657 -115.85890 -3.32126 -0.06011 -0.09121 0.99401 0.00442
1584175699 291.53425 -121.15444 -3.47131 -0.05868 -0.08927 0.99426 0.00496
1584175700 291.55173 -126.56489 -3.62451 -0.05397 -0.08916 0.99454 0.00509
1584175700 291.50409 -132.10251 -3.80204 -0.05323 -0.09079 0.99443 0.00620
1584175700 291.44125 -137.57247 -3.96243 -0.05229 -0.09239 0.99431 0.00914
1584175700 291.54466 -143.03470 -4.10084 -0.04712 -0.09173 0.99456 0.01436
1584175700 291.28650 -148.66680 -4.29703 -0.05010 -0.09443 0.99405 0.02090
1584175701 291.26001 -154.27620 -4.45596 -0.04971 -0.09446 0.99388 0.02828
1584175701 291.08028 -160.01110 -4.64561 -0.04774 -0.09447 0.99377 0.03493
1584175701 290.95009 -165.72685 -4.81925 -0.04823 -0.09486 0.99348 0.04094
1584175701 290.72121 -171.52206 -4.99597 -0.04947 -0.09537 0.99317 0.04538
1584175701 290.29707 -177.36979 -5.21681 -0.05066 -0.09521 0.99298 0.04863
1584175702 290.09375 -183.29221 -5.40778 -0.05055 -0.09479 0.99287 0.05158
1584175702 289.63153 -192.34239 -5.72845 -0.05281 -0.09308 0.99275 0.05475
1584175702 289.00729 -201.59567 -6.07873 -0.05559 -0.09453 0.99235 0.05667
1584175703 288.34848 -211.00678 -6.45508 -0.06016 -0.09886 0.99173 0.05557
1584175703 287.61530 -220.68444 -6.86328 -0.06452 -0.10049 0.99128 0.05572
1584175703 286.87263 -230.46586 -7.28996 -0.06377 -0.09852 0.99154 0.05554
1584175703 285.88368 -240.43312 -7.75595 -0.07047 -0.09652 0.99130 0.05516
1584175704 285.49025 -247.17383 -8.02344 -0.06684 -0.09736 0.99146 0.05527
1584175704 284.91616 -253.91928 -8.31456 -0.06824 -0.09625 0.99153 0.05422
1584175704 284.67895 -260.20012 -8.46911 -0.06883 -0.09611 0.99157 0.05313
1584175704 284.49285 -266.64083 -8.62312 -0.06635 -0.09448 0.99199 0.05116
1584175704 283.99591 -273.27295 -8.85826 -0.06939 -0.09388 0.99194 0.04918
1584175705 283.39451 -280.20286 -9.14155 -0.06905 -0.09524 0.99194 0.04716
1584175705 282.65710 -287.28283 -9.45503 -0.07342 -0.09393 0.99184 0.04525
1584175705 281.92279 -294.33499 -9.76455 -0.07345 -0.09491 0.99183 0.04329
1584175705 280.87789 -301.57025 -10.14591 -0.07594 -0.09636 0.99163 0.04023
1584175705 280.34713 -308.86386 -10.43713 -0.07545 -0.09792 0.99159 0.03827
1584175706 279.47122 -316.20738 -10.78780 -0.07658 -0.09981 0.99139 0.03623
1584175706 278.72272 -323.51654 -11.10830 -0.07766 -0.10195 0.99116 0.03418
1584175706 278.03766 -330.87238 -11.41288 -0.07778 -0.09729 0.99168 0.03237
1584175706 277.18990 -338.36258 -11.76327 -0.07860 -0.09499 0.99190 0.03049
1584175706 276.58657 -342.14267 -11.95919 -0.07903 -0.09742 0.99168 0.02901
1584175707 275.84918 -349.78129 -12.28018 -0.08180 -0.09930 0.99131 0.02758
1584175707 274.93961 -357.25253 -12.61886 -0.08262 -0.09849 0.99135 0.02650
1584175707 274.28926 -364.83160 -12.91230 -0.07904 -0.09772 0.99175 0.02516
1584175707 273.24144 -372.53913 -13.28597 -0.08316 -0.09867 0.99134 0.02419
1584175707 272.39521 -380.34462 -13.63169 -0.07891 -0.09799 0.99178 0.02333
1584175708 271.26469 -388.25277 -14.03234 -0.08333 -0.09965 0.99128 0.02232
1584175708 270.31913 -396.24880 -14.40129 -0.08138 -0.09927 0.99147 0.02262
1584175708 269.22758 -404.40681 -14.80451 -0.08407 -0.09835 0.99133 0.02292
1584175708 268.41702 -412.33337 -15.13498 -0.08282 -0.09836 0.99141 0.02397
1584175708 267.44992 -420.32574 -15.47524 -0.08244 -0.09552 0.99169 0.02502
1584175709 266.54532 -428.40180 -15.80139 -0.08232 -0.09592 0.99163 0.02621
1584175709 265.26929 -436.50665 -16.19410 -0.08261 -0.09555 0.99165 0.02616
1584175709 264.26894 -444.76302 -16.54146 -0.08199 -0.09680 0.99157 0.02649
1584175709 263.23132 -453.02267 -16.87656 -0.08249 -0.09999 0.99123 0.02578
1584175709 261.86707 -461.29507 -17.26603 -0.08312 -0.09973 0.99123 0.02473
1584175710 260.67364 -469.62461 -17.64865 -0.08446 -0.09736 0.99137 0.02414
1584175710 259.41459 -478.01285 -18.03906 -0.08456 -0.09687 0.99142 0.02372
1584175710 258.31840 -486.54253 -18.39707 -0.08379 -0.09488 0.99169 0.02289
1584175710 257.06689 -495.09447 -18.79448 -0.08548 -0.09970 0.99109 0.02240
1584175710 256.38209 -499.48688 -19.01587 -0.08688 -0.10125 0.99083 0.02148
1584175710 256.06755 -503.75412 -19.13579 -0.08668 -0.10250 0.99072 0.02126
1584175711 254.84402 -512.30874 -19.51556 -0.08735 -0.09832 0.99108 0.02156
1584175711 253.88467 -520.84374 -19.80284 -0.08320 -0.09380 0.99188 0.02148
1584175711 253.13793 -525.28329 -20.04772 -0.08682 -0.09421 0.99155 0.02059
1584175711 251.95268 -534.13308 -20.40242 -0.08412 -0.09827 0.99139 0.02046
1584175711 250.80449 -542.82144 -20.75474 -0.08166 -0.09744 0.99168 0.02009
1584175711 249.45190 -551.75632 -21.16586 -0.08145 -0.09456 0.99199 0.01945
1584175712 248.11323 -560.74310 -21.56450 -0.08023 -0.09473 0.99207 0.01958
1584175712 246.74096 -569.75306 -21.97582 -0.08036 -0.09831 0.99173 0.01883
1584175712 245.43627 -578.79109 -22.36285 -0.07825 -0.09800 0.99194 0.01831
1584175712 243.29513 -592.59356 -23.00007 -0.08052 -0.09994 0.99157 0.01788
1584175713 241.89858 -601.85218 -23.40946 -0.07843 -0.10118 0.99161 0.01782
1584175713 240.10494 -615.56220 -23.90667 -0.07801 -0.09765 0.99200 0.01753
1584175713 238.43765 -624.84380 -24.37746 -0.07845 -0.10038 0.99171 0.01702
1584175713 237.01058 -634.24738 -24.78698 -0.07849 -0.10089 0.99167 0.01605
