1584175559 -0.31844 1.47865 0.07562 0.01161 0.00387 0.12580 0.99198
1584175559 -0.34340 1.54942 0.07750 0.01168 0.00550 0.13408 0.99089
1584175559 -0.37323 1.63530 0.08188 0.01219 0.00644 0.14391 0.98950
1584175559 -0.41033 1.72630 0.08586 0.01302 0.00799 0.15427 0.98791
1584175560 -0.45749 1.83153 0.08909 0.01417 0.00912 0.16552 0.98606
1584175560 -0.51529 1.94644 0.10117 0.01730 0.01044 0.17602 0.98418
1584175560 -0.58271 2.07627 0.11060 0.02005 0.01041 0.18507 0.98247
1584175560 -0.64933 2.21495 0.12104 0.02171 0.01104 0.19135 0.98122
1584175560 -0.78850 2.53150 0.14490 0.02453 0.01518 0.20101 0.97916
1584175560 -1.05186 3.04536 0.18490 0.02825 0.01042 0.20058 0.97922
1584175561 -1.31566 3.61554 0.22528 0.03176 0.00554 0.18498 0.98221
1584175561 -1.48231 4.05262 0.23176 0.03025 -0.00159 0.16715 0.98547
1584175561 -1.65114 4.56583 0.23807 0.02939 -0.00843 0.14803 0.98851
1584175561 -1.80666 5.12272 0.24979 0.02798 -0.01264 0.12988 0.99105
1584175561 -1.95997 5.71986 0.27006 0.02764 -0.01639 0.11452 0.99290
1584175562 -2.09349 6.34153 0.29766 0.02788 -0.01585 0.10238 0.99423
1584175562 -2.31063 7.39940 0.34610 0.02459 -0.01984 0.08874 0.99555
1584175562 -2.44026 8.07050 0.39067 0.02508 -0.02071 0.08028 0.99624
1584175562 -2.63375 9.12825 0.48304 0.02502 -0.02246 0.06743 0.99716
1584175563 -2.78690 10.24211 0.57258 0.02714 -0.02079 0.05947 0.99764
1584175563 -2.87240 10.98884 0.64760 0.02663 -0.02026 0.05630 0.99785
1584175563 -3.02461 12.27396 0.73922 0.02435 -0.02225 0.05189 0.99811
1584175563 -3.10235 13.12576 0.82392 0.02386 -0.02419 0.04788 0.99828
1584175564 -3.16701 14.00082 0.89514 0.02489 -0.02263 0.04407 0.99846
1584175564 -3.21185 14.89861 0.97824 0.02685 -0.01971 0.04033 0.99863
1584175564 -3.26138 15.80099 1.05949 0.02939 -0.02110 0.03541 0.99872
1584175564 -3.29753 16.72458 1.14923 0.02746 -0.02107 0.03119 0.99891
1584175564 -3.31099 17.67202 1.22573 0.02705 -0.01696 0.02662 0.99914
1584175565 -3.32949 18.63562 1.30363 0.02869 -0.01654 0.02186 0.99921
1584175565 -3.34818 19.62664 1.37989 0.02876 -0.01754 0.01934 0.99925
1584175565 -3.35841 20.63365 1.45320 0.02844 -0.01630 0.01824 0.99930
1584175565 -3.37275 21.66581 1.51931 0.02639 -0.01619 0.01694 0.99938
1584175565 -3.39005 22.71046 1.59427 0.02472 -0.01870 0.01533 0.99940
1584175566 -3.40100 23.73240 1.65133 0.02389 -0.01856 0.01393 0.99945
1584175566 -3.41114 24.74808 1.71634 0.02437 -0.01939 0.01238 0.99944
1584175566 -3.41891 25.75359 1.77898 0.02468 -0.02115 0.01070 0.99941
1584175566 -3.42055 26.73506 1.83784 0.02342 -0.02010 0.00954 0.99948
1584175566 -3.41702 27.70633 1.90039 0.02176 -0.01754 0.00785 0.99958
1584175567 -3.42763 28.66378 1.96347 0.02020 -0.02063 0.00589 0.99957
1584175567 -3.41633 29.63376 2.02176 0.02095 -0.01925 0.00602 0.99958
1584175567 -3.39942 30.58088 2.08603 0.02084 -0.01587 0.00616 0.99964
1584175567 -3.40222 31.51506 2.14286 0.02092 -0.01816 0.00660 0.99959
1584175568 -3.37417 32.88005 2.23730 0.01936 -0.01335 0.00742 0.99970
1584175568 -3.37547 34.20744 2.32805 0.01965 -0.01704 0.00890 0.99962
1584175568 -3.36981 35.50205 2.41422 0.01944 -0.01653 0.01145 0.99961
1584175568 -3.38593 36.79436 2.50015 0.01550 -0.01970 0.01412 0.99959
1584175569 -3.40366 38.07257 2.57936 0.01431 -0.02174 0.01632 0.99953
1584175569 -3.42468 39.32248 2.65766 0.01742 -0.02053 0.01881 0.99946
1584175569 -3.45314 40.56471 2.73366 0.01795 -0.01962 0.02016 0.99944
1584175570 -3.49644 41.40229 2.78934 0.01572 -0.02011 0.02089 0.99946
1584175570 -3.53582 43.08486 2.90221 0.01623 -0.01698 0.02089 0.99951
1584175570 -3.59266 44.36006 2.98327 0.01544 -0.01968 0.02072 0.99947
1584175571 -3.64820 45.53928 3.07094 0.01663 -0.01887 0.01904 0.99950
1584175571 -3.70687 46.81368 3.15135 0.01922 -0.01917 0.01543 0.99951
1584175571 -3.74275 48.09284 3.24497 0.01983 -0.01728 0.01199 0.99958
1584175571 -3.78094 49.42316 3.34112 0.02047 -0.01732 0.01087 0.99958
1584175572 -3.80392 50.40485 3.40662 0.01853 -0.01525 0.01087 0.99965
1584175572 -3.83869 51.36671 3.47307 0.01727 -0.01501 0.01055 0.99968
1584175572 -3.86639 52.40897 3.53676 0.01795 -0.01545 0.01023 0.99967
1584175572 -3.89017 53.43147 3.59867 0.01875 -0.01532 0.01034 0.99965
1584175572 -3.91501 54.47606 3.66783 0.01812 -0.01398 0.01039 0.99968
1584175573 -3.93214 55.48636 3.73061 0.01821 -0.01154 0.01066 0.99971
1584175573 -3.95844 56.61334 3.80323 0.01865 -0.01292 0.01094 0.99968
1584175573 -3.98477 57.61579 3.86507 0.01921 -0.01224 0.01182 0.99967
1584175573 -4.00958 58.67311 3.93361 0.01947 -0.01131 0.01218 0.99967
1584175573 -4.03136 59.73024 4.00448 0.02024 -0.00909 0.01324 0.99967
1584175574 -4.06984 60.76119 4.06966 0.02142 -0.01113 0.01341 0.99962
1584175574 -4.09843 61.79633 4.13965 0.02185 -0.01083 0.01414 0.99960
1584175574 -4.11199 62.84600 4.21387 0.02209 -0.00699 0.01464 0.99962
1584175574 -4.13877 63.87228 4.28428 0.02213 -0.00624 0.01408 0.99964
1584175574 -4.15806 64.90831 4.35737 0.02106 -0.00525 0.01318 0.99968
1584175575 -4.17667 65.88944 4.42632 0.02181 -0.00421 0.01231 0.99968
1584175575 -4.18421 66.39195 4.45768 0.02253 -0.00499 0.01201 0.99966
1584175575 -4.18750 66.84450 4.48999 0.02290 -0.00396 0.01169 0.99966
1584175575 -4.19852 67.37534 4.52344 0.02348 -0.00579 0.01155 0.99964
1584175575 -4.20854 67.82500 4.55800 0.02350 -0.00568 0.01122 0.99964
1584175575 -4.23372 68.78551 4.62706 0.02367 -0.00808 0.01065 0.99963
1584175576 -4.26807 70.20005 4.73141 0.02413 -0.01048 0.00985 0.99961
1584175576 -4.27673 71.11576 4.80265 0.02340 -0.00960 0.00913 0.99964
1584175576 -4.30149 72.01894 4.86681 0.02365 -0.01226 0.00799 0.99961
1584175576 -4.30165 72.96561 4.94054 0.02180 -0.00986 0.00806 0.99968
1584175576 -4.29128 73.83902 5.00925 0.02326 -0.00609 0.00694 0.99969
1584175577 -4.30854 74.83347 5.07700 0.02363 -0.00976 0.00573 0.99966
1584175577 -4.30147 75.82207 5.14679 0.02294 -0.00854 0.00359 0.99969
1584175577 -4.28281 76.86072 5.22581 0.02262 -0.00700 0.00018 0.99972
1584175577 -4.25975 77.88190 5.29547 0.02362 -0.00565 -0.00290 0.99970
1584175577 -4.22942 78.88622 5.36835 0.02355 -0.00562 -0.00608 0.99969
1584175578 -4.19466 79.93412 5.44381 0.02243 -0.00514 -0.00740 0.99971
1584175578 -4.13096 81.47749 5.55639 0.02322 -0.00102 -0.00835 0.99970
1584175578 -4.05081 83.58071 5.70642 0.01948 0.00211 -0.00830 0.99977
1584175578 -4.01763 84.66557 5.77338 0.01715 0.00269 -0.00630 0.99983
1584175579 -4.00118 85.73968 5.83751 0.01712 0.00292 -0.00389 0.99984
1584175579 -3.96932 86.85240 5.89640 0.01779 0.00696 -0.00106 0.99982
1584175579 -3.97099 87.95947 5.96158 0.01811 0.00470 0.00217 0.99982
1584175579 -3.97641 89.05714 6.02212 0.02125 0.00374 0.00545 0.99975
1584175579 -3.99170 90.16438 6.09044 0.02048 0.00312 0.00776 0.99976
1584175580 -4.01140 91.27623 6.15630 0.02047 0.00211 0.00996 0.99974
1584175580 -4.04422 92.39202 6.22662 0.01898 -0.00163 0.01036 0.99976
1584175580 -4.05297 93.53035 6.29552 0.01920 -0.00110 0.00961 0.99977
1584175580 -4.05862 94.60513 6.36123 0.02191 0.00128 0.00726 0.99973
1584175580 -4.06265 95.76165 6.43086 0.02190 -0.00019 0.00404 0.99975
1584175581 -4.05273 96.88724 6.50267 0.01769 0.00114 0.00116 0.99984
1584175581 -4.03091 97.99973 6.57705 0.01816 0.00313 -0.00098 0.99983
1584175581 -4.02630 99.11634 6.63361 0.01899 -0.00024 -0.00260 0.99982
1584175581 -4.01104 100.26945 6.70145 0.01544 -0.00169 -0.00399 0.99987
1584175581 -3.98380 101.40730 6.76173 0.01470 0.00042 -0.00506 0.99988
1584175582 -3.96330 102.57367 6.81627 0.01228 0.00008 -0.00613 0.99991
1584175582 -3.93655 103.73843 6.87491 0.01269 0.00078 -0.00623 0.99990
1584175582 -3.91114 104.88208 6.93125 0.01621 0.00096 -0.00653 0.99985
1584175582 -3.87596 106.06697 6.98474 0.01659 0.00364 -0.00558 0.99984
1584175582 -3.84898 107.30140 7.05279 0.01338 0.00394 -0.00482 0.99989
1584175583 -3.82955 108.46919 7.10958 0.01295 0.00417 -0.00333 0.99990
1584175583 -3.81138 109.62165 7.16318 0.01372 0.00513 -0.00201 0.99989
1584175583 -3.78723 110.87427 7.21846 0.01304 0.00444 -0.00133 0.99990
1584175583 -3.77757 112.00744 7.27165 0.01273 0.00538 0.00003 0.99990
1584175583 -3.76794 113.25094 7.32775 0.01345 0.00418 0.00065 0.99990
1584175584 -3.74773 115.07503 7.40713 0.01228 0.00578 0.00203 0.99991
1584175584 -3.76225 116.17366 7.46253 0.01343 0.00436 0.00333 0.99989
1584175584 -3.74200 117.50362 7.51777 0.01513 0.00672 0.00447 0.99985
1584175584 -3.75385 118.72646 7.57593 0.01451 0.00452 0.00512 0.99987
1584175585 -3.75494 119.90825 7.63707 0.01508 0.00649 0.00628 0.99985
1584175585 -3.76822 121.08755 7.69638 0.01732 0.00624 0.00692 0.99981
1584175585 -3.78867 122.28264 7.75844 0.01620 0.00466 0.00760 0.99983
1584175585 -3.79532 123.49975 7.82107 0.01466 0.00560 0.00843 0.99984
1584175585 -3.81596 124.71006 7.87696 0.01376 0.00495 0.00873 0.99985
1584175586 -3.83071 125.92673 7.93497 0.01172 0.00555 0.00924 0.99987
1584175586 -3.85097 127.06550 7.98689 0.01210 0.00577 0.00939 0.99987
1584175586 -3.85429 128.32764 8.03879 0.01287 0.00788 0.00981 0.99984
1584175586 -3.87714 129.51621 8.09242 0.01366 0.00615 0.00963 0.99984
1584175586 -3.88819 130.71710 8.14912 0.01566 0.00723 0.01024 0.99980
1584175587 -3.90754 131.87031 8.20526 0.01553 0.00724 0.01021 0.99980
1584175587 -3.91714 132.47256 8.23348 0.01213 0.00692 0.01005 0.99985
1584175587 -3.93248 133.58153 8.29049 0.01072 0.00878 0.01023 0.99985
1584175587 -3.93206 134.81975 8.33617 0.01145 0.01205 0.01025 0.99981
1584175587 -3.96213 135.95291 8.38976 0.01421 0.00872 0.00957 0.99982
1584175587 -3.97537 137.04488 8.43511 0.01743 0.01067 0.00958 0.99975
1584175588 -3.98948 138.19403 8.50076 0.01311 0.01121 0.00852 0.99981
1584175588 -4.01818 139.33537 8.55503 0.01290 0.00846 0.00801 0.99985
1584175588 -4.03080 140.47510 8.60928 0.01436 0.00925 0.00877 0.99982
1584175588 -4.05161 141.59946 8.66398 0.01650 0.00796 0.00872 0.99979
1584175588 -4.08078 142.59910 8.71830 0.01747 0.00705 0.00890 0.99978
1584175589 -4.09423 143.79362 8.78202 0.01489 0.00731 0.00907 0.99982
1584175589 -4.13947 145.26423 8.86259 0.01505 0.00490 0.00947 0.99983
1584175589 -4.16262 146.91989 8.94175 0.01378 0.00702 0.00987 0.99983
1584175590 -4.19067 148.68445 9.02384 0.01310 0.00423 0.00921 0.99986
1584175590 -4.21380 150.11216 9.09538 0.01564 0.00555 0.00873 0.99982
1584175590 -4.23215 151.80895 9.17943 0.01312 0.00406 0.00711 0.99988
1584175590 -4.24085 153.32489 9.25770 0.01338 0.00433 0.00600 0.99988
1584175591 -4.24908 154.79538 9.33293 0.01525 0.00427 0.00457 0.99986
1584175591 -4.23526 155.82564 9.38282 0.01204 0.00684 0.00371 0.99990
1584175591 -4.23778 156.79188 9.43470 0.01009 0.00509 0.00179 0.99993
1584175591 -4.21791 158.25704 9.50099 0.01163 0.00653 -0.00361 0.99990
1584175592 -4.18829 159.47826 9.56554 0.01093 0.00514 -0.01174 0.99986
1584175592 -4.12044 160.72950 9.62925 0.01259 0.00723 -0.02344 0.99962
1584175592 -4.06209 161.49296 9.66907 0.01151 0.00816 -0.03452 0.99930
1584175592 -3.98694 162.27463 9.70487 0.00983 0.00748 -0.04582 0.99887
1584175593 -3.89171 163.12137 9.74658 0.00860 0.00681 -0.05956 0.99816
1584175593 -3.76792 163.87343 9.79228 0.00956 0.00708 -0.07887 0.99681
1584175593 -3.69560 164.22776 9.81091 0.01263 0.00657 -0.08892 0.99594
1584175593 -3.62416 164.56467 9.82564 0.01484 0.00512 -0.09980 0.99488
1584175593 -3.53893 164.95482 9.84222 0.01685 0.00324 -0.11190 0.99357
1584175593 -3.33328 165.61493 9.87654 0.01837 0.00628 -0.13999 0.98996
1584175594 -3.10022 166.24166 9.91215 0.02002 0.00638 -0.17121 0.98501
1584175594 -2.96525 166.56114 9.93494 0.01970 0.00569 -0.18775 0.98200
1584175594 -2.68058 167.11887 9.98268 0.02007 0.00505 -0.22271 0.97467
1584175594 -2.53046 167.37347 10.00518 0.02112 0.00384 -0.24071 0.97036
1584175594 -2.20149 167.86617 10.04874 0.02210 0.00182 -0.27551 0.96104
1584175594 -1.85238 168.31747 10.09018 0.02399 -0.00049 -0.30960 0.95057
1584175594 -1.66434 168.53495 10.10914 0.02571 -0.00114 -0.32554 0.94518
1584175595 -1.27503 168.93904 10.14670 0.02847 -0.00264 -0.35771 0.93340
1584175595 -1.06623 169.13324 10.16631 0.03057 -0.00322 -0.37317 0.92725
1584175595 -0.38019 169.68555 10.23609 0.03270 -0.00332 -0.42015 0.90686
1584175595 0.13833 170.04211 10.28229 0.03303 -0.00530 -0.45135 0.89172
1584175595 0.42095 170.21126 10.30969 0.03247 -0.00493 -0.46702 0.88364
1584175596 1.03787 170.53449 10.36160 0.03216 -0.00471 -0.49748 0.86687
1584175596 1.36794 170.68291 10.38808 0.03169 -0.00439 -0.51212 0.85832
1584175596 2.07239 170.95242 10.44266 0.03167 -0.00394 -0.54072 0.84060
1584175596 2.45110 171.07861 10.47183 0.03095 -0.00352 -0.55443 0.83165
1584175596 2.83814 171.19304 10.49943 0.03023 -0.00337 -0.56686 0.82325
1584175596 3.66952 171.39149 10.55885 0.02895 -0.00106 -0.58997 0.80691
1584175596 4.10350 171.48256 10.58532 0.02960 -0.00171 -0.59980 0.79960
1584175596 4.54170 171.57182 10.61416 0.02879 -0.00349 -0.60908 0.79258
1584175597 5.46190 171.71904 10.67156 0.02981 -0.00329 -0.62391 0.78092
1584175597 5.94707 171.78306 10.70140 0.03049 -0.00241 -0.63019 0.77584
1584175597 6.92782 171.88395 10.75741 0.03097 -0.00206 -0.64063 0.76723
1584175597 7.94481 171.96831 10.82215 0.02891 -0.00126 -0.65144 0.75814
1584175597 9.00352 172.01537 10.88171 0.03056 0.00350 -0.66012 0.75053
1584175598 10.08539 172.07625 10.93860 0.02931 0.00268 -0.66664 0.74479
1584175598 11.19493 172.13667 10.99260 0.02592 0.00151 -0.67193 0.74016
1584175598 12.33536 172.15620 11.03893 0.03153 0.00859 -0.67438 0.73766
1584175598 13.47781 172.20978 11.09299 0.02855 0.00975 -0.67687 0.73548
1584175598 15.19739 172.26941 11.16893 0.02637 0.00645 -0.67905 0.73359
1584175599 16.33542 172.31143 11.21256 0.02714 0.01080 -0.67986 0.73276
1584175599 17.46553 172.37903 11.26036 0.02408 0.00941 -0.68102 0.73181
1584175599 18.57187 172.45956 11.31227 0.01981 0.00657 -0.68198 0.73108
1584175599 19.68096 172.52598 11.35162 0.02145 0.00388 -0.68286 0.73023
1584175599 20.81873 172.59341 11.39922 0.02036 0.00500 -0.68419 0.72901
1584175600 21.94451 172.67787 11.44932 0.01760 0.00117 -0.68502 0.72831
1584175600 23.07027 172.75116 11.50313 0.01719 0.00127 -0.68551 0.72786
1584175600 24.17227 172.83266 11.55048 0.01816 -0.00063 -0.68543 0.72791
1584175600 25.33925 172.91169 11.60444 0.01684 -0.00137 -0.68494 0.72841
1584175600 26.51493 172.98610 11.65544 0.01641 0.00020 -0.68362 0.72965
1584175601 27.70754 173.07581 11.71256 0.01427 -0.00042 -0.68166 0.73153
1584175601 28.88498 173.15968 11.76628 0.01770 -0.00121 -0.67940 0.73355
1584175601 30.09233 173.25372 11.82021 0.01932 -0.00352 -0.67763 0.73515
1584175601 32.02016 173.38713 11.91020 0.01890 -0.00027 -0.67536 0.73724
1584175602 33.97396 173.53446 11.99803 0.01934 -0.00032 -0.67441 0.73811
1584175602 35.94105 173.68245 12.08424 0.01945 -0.00017 -0.67418 0.73831
1584175602 37.94565 173.85585 12.17343 0.01699 -0.00515 -0.67402 0.73850
1584175603 40.70545 174.07585 12.29631 0.01521 -0.00710 -0.67489 0.73773
1584175603 42.77605 174.24826 12.39680 0.01302 -0.00884 -0.67578 0.73694
1584175603 44.84063 174.40801 12.49047 0.01367 -0.00978 -0.67638 0.73636
1584175604 46.90359 174.57709 12.59398 0.01207 -0.01110 -0.67703 0.73577
1584175604 48.25870 174.69018 12.66388 0.01445 -0.01293 -0.67784 0.73495
1584175604 49.66716 174.79564 12.73084 0.01293 -0.01179 -0.67902 0.73391
1584175604 51.10352 174.89814 12.80348 0.00924 -0.00906 -0.67972 0.73336
1584175604 53.30412 175.02610 12.89422 0.01332 -0.00956 -0.68075 0.73233
1584175605 54.70062 175.12767 12.95661 0.01124 -0.00998 -0.68201 0.73119
1584175605 56.14258 175.21906 13.02990 0.01021 -0.00943 -0.68288 0.73040
1584175605 57.58673 175.30714 13.09232 0.01080 -0.00986 -0.68372 0.72960
1584175605 59.06595 175.38782 13.15490 0.00952 -0.00661 -0.68441 0.72900
1584175605 60.53047 175.48094 13.21965 0.00524 -0.00689 -0.68517 0.72833
1584175606 61.99053 175.54958 13.27204 0.00855 -0.00706 -0.68574 0.72777
1584175606 63.39136 175.60956 13.33044 0.01219 -0.00706 -0.68597 0.72749
1584175606 64.76364 175.67108 13.39467 0.01302 -0.00572 -0.68599 0.72747
1584175606 66.09255 175.73022 13.45942 0.01484 -0.00460 -0.68569 0.72772
1584175607 67.42174 175.79023 13.51843 0.01534 -0.00187 -0.68515 0.72824
1584175607 68.73242 175.85362 13.57966 0.01272 0.00199 -0.68449 0.72891
1584175607 70.04639 175.92383 13.63579 0.01257 0.00197 -0.68369 0.72966
1584175607 71.33340 175.97926 13.68897 0.01942 0.00014 -0.68298 0.73018
1584175607 72.59381 176.05948 13.74615 0.02137 -0.00524 -0.68300 0.73009
1584175608 73.94767 176.11416 13.81167 0.02011 0.00002 -0.68241 0.73070
1584175608 75.28252 176.16989 13.88359 0.01924 0.00484 -0.68259 0.73053
1584175608 76.61618 176.25615 13.93368 0.01474 0.00359 -0.68293 0.73032
1584175608 77.99445 176.31004 13.98627 0.01596 0.00675 -0.68266 0.73053
1584175608 79.35838 176.37726 14.04150 0.01953 0.00266 -0.68319 0.72997
1584175609 80.71307 176.45530 14.09087 0.02278 -0.00266 -0.68315 0.72992
1584175609 82.74481 176.54808 14.20107 0.02491 -0.00150 -0.68248 0.73048
1584175609 84.75264 176.66688 14.31269 0.02363 -0.00326 -0.68188 0.73107
1584175609 86.02190 176.74815 14.38747 0.02528 -0.00772 -0.68194 0.73093
1584175610 87.93924 176.85705 14.50658 0.02652 -0.00925 -0.68200 0.73081
1584175610 89.11959 176.93382 14.59134 0.02366 -0.00682 -0.68260 0.73038
1584175610 90.92424 177.05063 14.70529 0.01718 -0.00648 -0.68283 0.73035
1584175610 92.67946 177.14967 14.80594 0.01369 -0.00420 -0.68304 0.73024
1584175611 94.41867 177.26642 14.89159 0.00990 -0.01137 -0.68419 0.72915
1584175611 96.11548 177.33124 14.98051 0.01518 -0.00841 -0.68481 0.72851
1584175611 97.22374 177.40823 15.04360 0.00958 -0.00925 -0.68540 0.72805
1584175612 98.94993 177.48798 15.13324 0.00880 -0.00818 -0.68483 0.72860
1584175612 100.66554 177.57563 15.21324 0.00939 -0.00855 -0.68494 0.72849
1584175612 102.44574 177.66331 15.30440 0.00865 -0.00629 -0.68587 0.72765
1584175612 104.18884 177.73325 15.38769 0.01421 -0.00790 -0.68688 0.72659
1584175613 105.97387 177.80864 15.47426 0.01546 -0.00780 -0.68731 0.72615
1584175613 107.17485 177.85331 15.53684 0.01405 -0.00180 -0.68733 0.72621
1584175613 109.58528 177.96276 15.65278 0.01532 -0.00523 -0.68695 0.72652
1584175614 111.39921 178.04619 15.74053 0.01241 -0.00344 -0.68675 0.72678
1584175614 112.57485 178.09348 15.80089 0.01333 -0.00295 -0.68629 0.72720
1584175614 114.35022 178.18756 15.88516 0.01494 -0.00954 -0.68552 0.72784
1584175614 116.13006 178.25109 15.97608 0.01943 -0.00507 -0.68448 0.72876
1584175615 117.85098 178.34110 16.07996 0.02223 -0.00747 -0.68371 0.72938
1584175615 119.50649 178.42338 16.18674 0.02310 -0.00569 -0.68372 0.72936
1584175615 121.16653 178.51773 16.29510 0.02258 -0.00658 -0.68285 0.73018
1584175616 122.70085 178.60997 16.39791 0.02235 -0.00684 -0.68082 0.73208
1584175616 124.24218 178.72439 16.50380 0.02137 -0.00837 -0.67891 0.73386
1584175616 125.79890 178.82017 16.60057 0.02072 -0.00351 -0.67810 0.73467
1584175616 126.79546 178.90427 16.66906 0.01749 -0.00548 -0.67731 0.73547
1584175617 128.37576 179.00997 16.75217 0.02014 -0.00528 -0.67609 0.73653
1584175617 130.45265 179.17772 16.87559 0.01876 -0.00692 -0.67499 0.73756
1584175617 131.99040 179.30201 16.96451 0.01873 -0.00880 -0.67420 0.73826
1584175618 133.49427 179.42537 17.05774 0.01737 -0.00869 -0.67387 0.73859
1584175618 134.50161 179.49433 17.11726 0.01684 -0.00777 -0.67343 0.73902
1584175618 135.46040 179.57891 17.17442 0.01640 -0.00821 -0.67327 0.73917
1584175618 136.44596 179.66729 17.23463 0.01465 -0.00778 -0.67257 0.73985
1584175619 137.39621 179.74285 17.28822 0.01669 -0.00712 -0.67212 0.74022
1584175619 138.85344 179.88630 17.37704 0.01538 -0.00895 -0.67128 0.74099
1584175619 140.20173 180.02939 17.45927 0.01720 -0.01184 -0.66954 0.74249
1584175619 141.54117 180.15546 17.54717 0.01943 -0.01140 -0.66884 0.74307
1584175620 142.81827 180.30327 17.63253 0.01526 -0.01026 -0.66950 0.74259
1584175620 143.62579 180.37368 17.69451 0.01485 -0.00648 -0.67030 0.74191
1584175620 144.42745 180.45588 17.74693 0.01336 -0.00615 -0.67250 0.73995
1584175620 145.20025 180.52364 17.79468 0.01371 -0.00534 -0.67643 0.73636
1584175621 146.33388 180.60678 17.86919 0.01592 -0.00667 -0.68544 0.72793
1584175621 147.05887 180.63572 17.90859 0.01520 -0.00762 -0.69434 0.71944
1584175621 147.70071 180.62679 17.94462 0.01635 -0.00670 -0.70348 0.71050
1584175621 147.98980 180.61160 17.96372 0.01549 -0.00660 -0.70856 0.70545
1584175621 148.30016 180.60082 17.98699 0.01375 -0.00678 -0.71423 0.69974
1584175621 148.85415 180.54255 18.02322 0.01374 -0.00450 -0.72634 0.68718
1584175622 149.33784 180.46076 18.05524 0.01418 -0.00484 -0.73895 0.67360
1584175622 149.80797 180.36835 18.08763 0.01171 -0.00517 -0.75290 0.65801
1584175622 150.30946 180.24275 18.11711 0.01542 -0.00375 -0.76747 0.64089
1584175622 150.54634 180.17823 18.13327 0.01486 -0.00392 -0.77498 0.63180
1584175622 151.02361 180.04523 18.16496 0.01207 -0.00536 -0.78971 0.61334
1584175623 151.48410 179.87619 18.19731 0.01179 -0.00391 -0.80540 0.59260
1584175623 151.92393 179.68598 18.22546 0.01357 -0.00446 -0.82111 0.57059
1584175623 152.35190 179.47411 18.25607 0.01304 -0.00424 -0.83784 0.54574
1584175623 152.54969 179.35902 18.27084 0.01349 -0.00417 -0.84588 0.53318
1584175623 152.91664 179.11808 18.30338 0.01387 -0.00401 -0.86151 0.50754
1584175623 153.26221 178.86352 18.33111 -0.01508 0.00566 0.87563 -0.48272
1584175624 153.58716 178.59619 18.36244 -0.01663 0.00780 0.88878 -0.45797
1584175624 153.74713 178.45489 18.37684 -0.01726 0.00848 0.89475 -0.44616
1584175624 154.03997 178.16792 18.40249 -0.01949 0.01087 0.90621 -0.42224
1584175624 154.32246 177.88034 18.43033 -0.01806 0.01408 0.91670 -0.39893
1584175624 154.59924 177.57360 18.46263 -0.01606 0.01481 0.92650 -0.37567
1584175624 154.72532 177.41013 18.47918 -0.01728 0.01394 0.93093 -0.36452
1584175625 154.97637 177.07581 18.51081 -0.01758 0.01348 0.93915 -0.34279
1584175625 155.21458 176.73974 18.54454 -0.01583 0.01279 0.94665 -0.32162
1584175625 155.43139 176.38896 18.57935 -0.01592 0.01132 0.95356 -0.30055
1584175625 155.64024 176.02814 18.61226 -0.01458 0.00955 0.96015 -0.27894
1584175625 155.83578 175.66368 18.64429 -0.01235 0.00869 0.96610 -0.25774
1584175626 156.01029 175.28690 18.67552 -0.01176 0.00770 0.97169 -0.23582
1584175626 156.09141 175.09558 18.68805 -0.01076 0.00733 0.97422 -0.22523
1584175626 156.24919 174.69764 18.71450 -0.00782 0.00504 0.97903 -0.20351
1584175626 156.37822 174.29734 18.74707 -0.00736 0.00380 0.98299 -0.18345
1584175626 156.49679 173.88949 18.77276 -0.00634 0.00408 0.98635 -0.16451
1584175627 156.61120 173.47371 18.79782 -0.00366 0.00487 0.98911 -0.14706
1584175627 156.70378 173.05265 18.82424 -0.00377 0.00635 0.99128 -0.13153
1584175627 156.78818 172.62129 18.84924 -0.00411 0.00639 0.99297 -0.11814
1584175627 156.87311 172.17607 18.87188 -0.00263 0.00674 0.99428 -0.10652
1584175627 156.95623 171.72667 18.89919 -0.00049 0.00609 0.99530 -0.09665
1584175628 157.02340 171.26718 18.92692 -0.00176 0.00565 0.99607 -0.08838
1584175628 157.12727 170.55363 18.96846 -0.00110 0.00354 0.99688 -0.07879
1584175628 157.20874 169.84107 19.00662 -0.00403 0.00246 0.99736 -0.07251
1584175629 157.35888 168.84734 19.05789 0.00084 0.00519 0.99754 -0.06991
1584175629 157.44739 168.05312 19.09002 -0.00297 0.00543 0.99761 -0.06888
1584175629 157.55597 167.18413 19.12471 -0.00239 0.00508 0.99762 -0.06869
1584175629 157.68896 166.23952 19.16619 0.00193 0.00231 0.99765 -0.06839
1584175630 157.80200 165.23212 19.19789 -0.00055 0.00242 0.99770 -0.06770
1584175630 157.94559 164.17005 19.22855 0.00295 0.00122 0.99778 -0.06655
1584175630 158.07639 163.06297 19.25602 0.00226 0.00137 0.99790 -0.06464
1584175631 158.20318 161.93968 19.28975 0.00017 0.00215 0.99812 -0.06128
1584175631 158.33661 160.79661 19.32195 0.00168 0.00194 0.99833 -0.05764
1584175631 158.44636 159.60875 19.35589 0.00014 0.00054 0.99850 -0.05481
1584175632 158.56357 158.42610 19.38626 0.00143 0.00013 0.99854 -0.05408
1584175632 158.68791 157.22291 19.41316 0.00311 -0.00065 0.99857 -0.05344
1584175632 158.79420 156.03670 19.44104 0.00014 -0.00067 0.99861 -0.05266
1584175632 158.90582 154.81107 19.46588 0.00039 0.00129 0.99867 -0.05154
1584175633 159.02421 153.58367 19.49612 0.00050 0.00396 0.99867 -0.05141
1584175633 159.09398 152.73985 19.51502 -0.00176 0.00332 0.99867 -0.05137
1584175633 159.17963 151.88876 19.54456 0.00020 0.00098 0.99874 -0.05020
1584175633 159.30570 150.57905 19.57278 0.00262 0.00156 0.99880 -0.04888
1584175634 159.41274 149.23369 19.60532 0.00186 -0.00042 0.99893 -0.04621
1584175634 159.49107 148.36501 19.62229 0.00345 0.00105 0.99903 -0.04396
1584175634 159.56504 147.49113 19.63981 0.00416 0.00340 0.99907 -0.04275
1584175634 159.63669 146.56885 19.65973 0.00475 0.00330 0.99908 -0.04261
1584175635 159.71233 145.66538 19.68594 0.00543 0.00148 0.99911 -0.04182
1584175635 159.77059 144.73790 19.70982 0.00313 0.00089 0.99922 -0.03925
1584175635 159.83205 143.81886 19.72966 0.00318 0.00008 0.99930 -0.03718
1584175635 159.88811 142.89076 19.75347 0.00131 0.00014 0.99933 -0.03649
1584175635 159.94785 141.94410 19.77532 0.00097 0.00141 0.99935 -0.03590
1584175636 160.04583 140.57028 19.81087 0.00292 0.00228 0.99933 -0.03636
1584175636 160.09675 139.65505 19.83800 0.00007 0.00099 0.99934 -0.03622
1584175636 160.15562 138.74715 19.86304 0.00043 -0.00074 0.99933 -0.03654
